10 1.7422785964564347E9
20 1.537773426232449E9
30 5.478238095667534E8
40 8.451746512243612E8
50 2.4131306340318456E8
60 2.1887564727674298E7
70 2.454628666294148E7
80 1.6835517659869734E7
90 220223.05987706204
100 42122.23993182536
110 66.24441531873143
120 26.59511762660167
130 19.078842706046604
140 13.706149962381815
150 11.99196664403797
160 10.579365015877375
170 9.089419534719369
180 8.644957176215192
190 8.02806248554364
200 7.819680927458205
210 7.563201550504954
220 7.157436530642504
230 6.765560933370047
240 6.472609927206643
250 6.540766914232867
260 6.402942170157994
270 5.995187186872014
280 6.141097179582031
290 5.882738341478463
300 5.897298371189639
310 6.04201690912355
320 5.703815133709557
330 5.692014723770477
340 5.617918169119441
350 5.4974512136403835
360 5.517203793486824
370 5.416036560597325
380 5.3607651367441775
390 5.255890545421059
400 5.307883609864577
410 5.224091041618184
420 5.267785450696098
430 5.11280953806106
440 5.242490781456071
450 5.014904156904635
460 5.108943983782643
470 5.003402395376364
480 4.946547507248
490 4.895335329555399
500 4.91799541996334
510 4.939715297238083
520 4.901132432356887
530 4.847690425027347
540 4.834363328233058
550 4.8395287259226425
560 4.718625116191483
570 4.780574973343046
580 4.721090721954926
590 4.7872212206835645
600 4.6608730463772945
610 4.714712935357118
620 4.652790397930385
630 4.701894698590696
640 4.697909497195984
650 4.676294822251732
660 4.643115793692216
670 4.607697923734467
680 4.635967390905239
690 4.61513329712578
700 4.6503852277139135
710 4.567403951224128
720 4.576758887593657
730 4.627482994704417
740 4.529046902512423
750 4.590042475462158
760 4.54418629110009
770 4.608740692374218
780 4.5461263060751165
790 4.516315465160931
800 4.525305903785361
