10 9.476196891593295
20 5.931952796791543
30 5.32661660636303
40 5.479823997439316
50 5.243310648133954
60 4.955272549402316
70 5.106546111337397
80 4.991772906415582
90 5.078871373806295
100 4.912306443934851
110 4.911291913153962
120 4.970758671872877
130 4.9765882974096165
140 4.869525997235998
150 4.850794855650262
160 4.90805548886674
170 4.899624501415792
180 4.865650762008328
190 4.836895552103826
200 4.775831324021757
210 4.745986646090176
220 4.785575150828144
230 4.788839299421342
240 4.835263714796937
250 4.6879821373962764
260 4.719604748627313
270 4.703331326578574
280 4.729892866688884
290 4.695270782224009
300 4.691938027300757
310 4.7115022048699675
320 4.640616814120777
330 4.667799984864198
340 4.7099479741124854
350 4.714974039737922
360 4.649747176505963
370 4.627665046963304
380 4.644265485529052
390 4.665561094700282
400 4.668537398225188
410 4.614930957246009
420 4.6312985293113815
430 4.559036821835447
440 4.573949739425487
450 4.572861770410883
460 4.52728247861772
470 4.56834067198474
480 4.578703907722924
490 4.607614892298235
500 4.523008729415963
510 4.522617749581128
520 4.502577521415561
530 4.518503613515847
540 4.509067144749134
550 4.538493886837287
560 4.479496488185322
570 4.494629230670077
580 4.496254310788328
590 4.464838688841172
600 4.485869175824345
610 4.536127895268102
620 4.469682107453507
630 4.432629598126139
640 4.454157026657557
650 4.458016094684224
660 4.452776738813781
670 4.4596875655304995
680 4.496889491768114
690 4.426166145173349
700 4.45653720184594
710 4.455899146052972
720 4.452107136905594
730 4.467471706996308
740 4.4092962209037605
750 4.400813207289727
760 4.434365542331008
770 4.402787749343462
780 4.39918455491285
790 4.4143770332115455
800 4.3916405066228945
