10 13.528050392022255
20 7.440284090334569
30 6.034296550069426
40 5.700517029215783
50 5.052366751393464
60 5.145922025842227
70 5.076451289138807
80 4.883270097618105
90 4.9364626189704754
100 4.848414525434197
110 4.829278240249708
120 4.857333434830446
130 4.77672939248117
140 4.826122210531784
150 4.839045495835887
160 4.816927629173496
170 4.8155624031460835
180 4.745164800006611
190 4.765819206886574
200 4.732675892695854
210 4.756535150652573
220 4.701172535999332
230 4.76483054316059
240 4.633247381181645
250 4.741625026389747
260 4.691205347182958
270 4.646745193095785
280 4.681418658921756
290 4.647346765001125
300 4.691638097540118
310 4.618687509635193
320 4.653463434557614
330 4.605189132914909
340 4.6421021301038605
350 4.638274997181628
360 4.574193867779372
370 4.554118085511691
380 4.580971268182092
390 4.644166314451622
400 4.5641322139416864
410 4.514124590186634
420 4.563880959743936
430 4.597360392663564
440 4.48578411918036
450 4.527303974729627
460 4.482733705137201
470 4.494808473979858
480 4.526089952153779
490 4.477386843578063
500 4.463211017251873
510 4.480780458230818
520 4.453813093049273
530 4.493027664723649
540 4.4895667122364395
550 4.483611779888024
560 4.430819028285646
570 4.449484470915765
580 4.461837241845496
590 4.445362253840409
600 4.459072582905544
610 4.431044518277135
620 4.398244486027902
630 4.44533801714258
640 4.4511410195015495
650 4.417220514218915
660 4.439904994818855
670 4.381482889272041
680 4.456589037169395
690 4.404696809243006
700 4.409403253055889
710 4.431407318782267
720 4.419617120086011
730 4.397984068391997
740 4.407180794600866
750 4.384673484476768
760 4.389162095709784
770 4.364850874528185
780 4.395779104625307
790 4.386825380242016
800 4.395034349689859
