10 80.05315744183062
20 34.72927345076177
30 18.657383699758668
40 13.985910663730001
50 11.247579448070036
60 8.565618452115855
70 7.99248755316187
80 7.466932424672665
90 6.780524762971552
100 6.453789059674148
110 6.027992999465931
120 6.046555758057477
130 5.738197115306645
140 5.568745831369013
150 5.55459269552029
160 5.456196992838345
170 5.2545557302001225
180 5.407457391775561
190 5.227317805403186
200 5.259040584434733
210 5.1199962189168975
220 5.091206691645663
230 5.08234774030622
240 5.027043662486957
250 5.028078527483606
260 4.980675312823681
270 4.945174523947836
280 4.961524797639901
290 4.9083359165467915
300 4.919447859964564
310 4.8853334039797165
320 4.865431886635496
330 4.883131898815998
340 4.8691527295222174
350 4.8265508600099265
360 4.805255557098119
370 4.836240469008019
380 4.7891180396644
390 4.817261916626119
400 4.757059144882341
410 4.789441743459976
420 4.781784218921598
430 4.752201140189442
440 4.755024789440409
450 4.750906300232076
460 4.780020678621543
470 4.720012447398568
480 4.73150665943722
490 4.701653589170677
500 4.733216547240073
510 4.737793593170588
520 4.706067054325488
530 4.710024646979495
540 4.682651637033084
550 4.6929494452189875
560 4.670698876128093
570 4.657931209333943
580 4.662786847857566
590 4.674685826309267
600 4.661019155440342
610 4.650249118695716
620 4.620822950895361
630 4.63214139718922
640 4.646245470127024
650 4.630604646942087
660 4.639140265093333
670 4.626161617891388
680 4.619031005222199
690 4.6103046189356105
700 4.608708780607816
710 4.603343779739015
720 4.59840753333827
730 4.616124722940571
740 4.578777403053076
750 4.59793538945076
760 4.57172105154102
770 4.590083001230743
780 4.578818922738006
790 4.58310209688827
800 4.570722470564288
