10 47.6469945336291
20 17.714695058462716
30 10.01790798757361
40 8.432218825266723
50 7.396776729699414
60 6.858096196477815
70 6.173375499414475
80 5.700077805323311
90 5.683907932014106
100 5.4849207837927825
110 5.2719213706424055
120 5.190183155696081
130 5.08515859503019
140 5.127212441120445
150 4.987416220569736
160 5.065544550051098
170 4.950129980319202
180 4.953048073514967
190 4.923366959573712
200 4.914983654127395
210 4.9007463175159085
220 4.837279906326251
230 4.801492361724382
240 4.838196356190766
250 4.80651975999962
260 4.827555570192465
270 4.794067717743802
280 4.776189243557195
290 4.72405791932779
300 4.779881854717113
310 4.744837637739943
320 4.74014534386946
330 4.714182118247228
340 4.703668105458934
350 4.704813524076312
360 4.699376667344375
370 4.720464884191
380 4.667028051937117
390 4.6615467873778
400 4.661555984963658
410 4.67507970726816
420 4.671665954110612
430 4.635441298027485
440 4.630289031621104
450 4.631092702287333
460 4.638937551952676
470 4.616578411346383
480 4.608547184684487
490 4.597560537562765
500 4.584643972648503
510 4.585928205713583
520 4.592208845472276
530 4.576088986057853
540 4.5625971012568725
550 4.5796740732236705
560 4.565733917276284
570 4.565389912596672
580 4.550960473947877
590 4.540164644128703
600 4.558422761913723
610 4.560976041090711
620 4.5147769936786
630 4.572078889058838
640 4.541875209743942
650 4.526720819152854
660 4.5116106733801
670 4.53018881052766
680 4.518447691891465
690 4.487717660000257
700 4.515554996613458
710 4.511579838273159
720 4.489094332035087
730 4.481987493936623
740 4.474001403979232
750 4.491076230238525
760 4.498237755097352
770 4.480423212815961
780 4.451933277935562
790 4.467694290797268
800 4.465914052273189
