10 45.68830567936003
20 18.44570992253015
30 10.880294051871443
40 8.754631976827346
50 7.582808935967558
60 6.59758034287854
70 5.9268633532222665
80 5.777505873570767
90 5.648306009893005
100 5.305642228599086
110 5.335986048519484
120 5.1687417676408405
130 5.251498111864859
140 5.1097216035044895
150 5.0836744609622455
160 4.998162593121991
170 4.997759535696356
180 4.913156447092883
190 4.88871667050172
200 4.925852106832718
210 4.87587084458375
220 4.90043347960592
230 4.854413382967043
240 4.861644782144062
250 4.800329297405494
260 4.8278574602138375
270 4.8099528874368875
280 4.795605992715531
290 4.767939956982951
300 4.794906958090893
310 4.7843819852906035
320 4.720765085691698
330 4.709265071877988
340 4.693580862896034
350 4.707015076524165
360 4.709310357445826
370 4.6545765364927005
380 4.694101577273234
390 4.682412406912207
400 4.674079658514542
410 4.644060372579693
420 4.667192803537867
430 4.6456894990591575
440 4.670901509069408
450 4.617297403706562
460 4.62742419555549
470 4.6363634447813755
480 4.587491145056951
490 4.623800744339993
500 4.583825184293552
510 4.594312905298438
520 4.602157992034735
530 4.579288873810984
540 4.590586230681916
550 4.580567948528925
560 4.557697272436913
570 4.580090502120962
580 4.538634323377128
590 4.536812937369264
600 4.525236890598036
610 4.563310959581524
620 4.537981157138706
630 4.5223730158651225
640 4.529813392693978
650 4.524801585896424
660 4.554855523210388
670 4.507132008714944
680 4.515562698190113
690 4.511874107029824
700 4.5152663061495755
710 4.513623044668086
720 4.503843050986494
730 4.485710852766638
740 4.486511696593633
750 4.497390929846482
760 4.480188578495474
770 4.486889438375291
780 4.46409197779697
790 4.467021294468591
800 4.464372863988994
