0 3.5694299871974406 4.399939952433664 3.78
1 3.576079309664731 4.3126223695504144 3.78
2 3.5911541094111987 4.255285669626029 3.78
3 3.610196967723043 4.217189308980647 3.78
4 3.630906342676253 4.192015856730475 3.78
5 3.65205831186909 4.175838907949647 3.78
6 3.672997721353139 4.1661105380960946 3.78
7 3.693381250705302 4.1611185579539525 3.78
8 3.713040909582115 4.159678509482881 3.78
9 3.731908636610992 4.160950618888863 3.78
10 3.7499733908174853 4.164326764245397 3.78
11 3.7672561868390693 4.169358377884788 3.78
12 3.78379534743894 4.175709159671147 3.78
13 3.7996377195768423 4.183123301600757 3.78
14 3.814833440513018 4.191403675126949 3.78
15 3.829432849381699 4.2003965712872535 3.78
16 3.8434847092546107 4.209980842753121 3.78
17 3.857035234447206 4.220060059315381 3.78
18 3.8701276128918596 4.23055676169791 3.78
19 3.882801830989873 4.2414081991985455 3.78
20 3.8950946803833615 4.25256313146074 3.78
21 3.907039870815627 4.2639794032628195 3.78
22 3.9186682013388725 4.275622087523327 3.78
23 3.930007759929611 4.287462050554619 3.78
24 3.9410841329289017 4.2994748342723215 3.78
25 3.9519206129999973 4.311639778559965 3.78
26 3.9625383989624536 4.323939327188126 3.78
27 3.97295678384785 4.336358475171662 3.78
28 3.9831933294202946 4.348884325943008 3.78
29 3.993264026595183 4.361505734398921 3.78
30 4.003183441919259 4.37421301754878 3.78
31 4.01296485070515 4.3869977187162625 3.78
32 4.022620357649552 4.399852414418363 3.78
33 4.032161005875875 4.412770555445403 3.78
34 4.041596875375284 4.4257463354950355 3.78
35 4.050937171804572 4.438774582116856 3.78
36 4.06019030655553 4.451850665808244 3.78
37 4.069363968950848 4.4649704239446555 3.78
38 4.078465191354919 4.4781300968857 3.78
39 4.087500407919176 4.491326274116254 3.78
40 4.096475507614365 4.504555848690344 3.78
41 4.105395882138018 4.517815978570594 3.78
42 4.114266469225822 4.531104053714584 3.78
43 4.123091791840674 4.544417667967714 3.78
44 4.131875993663184 4.557754594988896 3.78
45 4.140622871262412 4.571112767570627 3.78
46 4.149335903284924 4.584490259824783 3.78
47 4.158018276963919 4.597885271794863 3.78
48 4.166672912217861 4.611296116128352 3.78
49 4.175302483578925 4.624721206502988 3.78
50 4.183909440166016 4.638159047550213 3.78
51 4.192496023894103 4.6516082260595635 3.78
52 4.201064286091335 4.665067403282038 3.78
53 4.2096161026773045 4.678535308178317 3.78
54 4.218153188039752 4.692010731481203 3.78
55 4.226677107732767 4.70549252046125 3.78
56 4.235189290106783 4.718979574301185 3.78
57 4.243691036969433 4.732470839998226 3.78
58 4.252183533366238 4.745965308725305 3.78
59 4.260667856561175 4.75946201259188 3.78
60 4.26914498428915 4.772960021753542 3.78
61 4.277615802345304 4.786458441826446 3.78
62 4.286081111569727 4.799956411568759 3.78
63 4.294541634280453 4.813453100796617 3.78
64 4.302998020202527 4.826947708505848 3.78
65 4.31145085193636 4.840439461175513 3.78
66 4.319900650004559 4.853927611231254 3.78
67 4.328347877512727 4.867411435650393 3.78
68 4.336792944456394 4.880890234692259 3.78
69 4.3452362117033685 4.8943633307396865 3.78
70 4.35367799467809 4.907830067239388 3.78
71 4.362118566772173 4.921289807730147 3.78
72 4.37055816250313 4.934741934949498 3.78
73 4.378996980441474 4.94818585001045 3.78
74 4.38743518592436 4.961620971640901 3.78
75 4.395872913572661 4.975046735479201 3.78
76 4.404310269626626 4.988462593420257 3.78
77 4.412747334114256 5.001868013006979 3.78
78 4.421184162865004 5.015262476862692 3.78
79 4.429620789380775 5.028645482160458 3.78
80 4.438057226574733 5.04201654012589 3.78
81 4.446493468388004 5.055375175570242 3.78
82 4.454929491293148 5.068720926450963 3.78
83 4.463365255692902 5.082053343457325 3.78
84 4.4718007072217025 5.095371989618919 3.78
85 4.480235777957167 5.1086764399348725 3.78
86 4.488670387547912 5.12196628102223 3.78
87 4.497104444263808 5.135241110781746 3.78
88 4.505537845974074 5.1485005380798565 3.78
89 4.513970481058415 5.161744182445245 3.78
90 4.522402229255818 5.17497167377927 3.78
91 4.530832962455407 5.18818265207877 3.78
92 4.539262545433354 5.201376767170732 3.78
93 4.547690836539578 5.214553678457703 3.78
94 4.556117688337651 5.227713054673259 3.78
95 4.564542948201133 5.240854573646831 3.78
96 4.572966458869259 5.253977922077435 3.78
97 4.581388058964741 5.267082795315334 3.78
98 4.589807583476224 5.280168897151717 3.78
99 4.598224864207745 5.293235939615198 3.78
100 4.60663973019739 5.306283642775374 3.78
101 4.615052008107222 5.319311734552625 3.78
102 4.623461522586308 5.332319950534089 3.78
103 4.631868096608677 5.345308033795071 3.78
104 4.640271551787786 5.358275734726114 3.78
105 4.648671708669088 5.371222810865068 3.78
106 4.657068387002069 5.3841490267340335 3.78
107 4.665461405993079 5.397054153680882 3.78
108 4.67385058454027 5.409937969725363 3.78
109 4.682235741451684 5.422800259409224 3.78
110 4.690616695647653 5.435640813650458 3.78
111 4.69899326634847 5.448459429601419 3.78
112 4.707365273248288 5.461255910510573 3.78
113 4.715732536676114 5.474030065587847 3.78
114 4.72409487774472 5.486781709873312 3.78
115 4.732452118488243 5.499510664109242 3.78
116 4.740804081989179 5.5122167546152845 3.78
117 4.749150592495447 5.524899813166558 3.78
118 4.75749147552814 5.53755967687485 3.78
119 4.7658265579805885 5.550196188072615 3.78
120 4.774155668209201 5.562809194199503 3.78
121 4.782478636116713 5.575398547691901 3.78
122 4.7907952932282125 5.587964105874664 3.78
123 4.799105472760492 5.600505730855531 3.78
124 4.807409009685053 5.613023289421963 3.78
125 4.815705740785266 5.625516652940171 3.78
126 4.823995504707977 5.637985697256477 3.78
127 4.83227814200992 5.650430302600908 3.78
128 4.840553495199332 5.662850353492955 3.78
129 4.848821408772974 5.675245738649193 3.78
130 4.85708172924895 5.687616350893216 3.78
131 4.865334305195506 5.699962087067266 3.78
132 4.8735789872561295 5.712282847945986 3.78
133 4.881815628171171 5.724578538151911 3.78
134 4.8900440827961695 5.736849066072778 3.78
135 4.898264208117178 5.749094343780602 3.78
136 4.9064758632632115 5.761314286952582 3.78
137 4.914678909516028 5.7735088147935345 3.78
138 4.922873210317451 5.785677849960026 3.78
139 4.931058631274343 5.797821318486149 3.78
140 4.939235040161439 5.809939149710782 3.78
141 4.947402306922119 5.82203127620635 3.78
142 4.955560303667358 5.834097633709262 3.78
143 4.963708904672885 5.84613816105152 3.78
144 4.9718479863746845 5.8581528000939675 3.78
145 4.979977427363071 5.870141495660821 3.78
146 4.988097108375239 5.882104195475539 3.78
147 4.996206912286603 5.894040850098144 3.78
148 5.004306724100861 5.905951412863592 3.78
149 5.0123964309389795 5.917835839821695 3.78
150 5.020475922027095 5.929694089678077 3.78
