0 3.5694299871974406
1 3.576079309664731
2 3.5911541094111987
3 3.610196967723043
4 3.630906342676253
5 3.65205831186909
6 3.672997721353139
7 3.693381250705302
8 3.713040909582115
9 3.731908636610992
10 3.7499733908174853
11 3.7672561868390693
12 3.78379534743894
13 3.7996377195768423
14 3.814833440513018
15 3.829432849381699
16 3.8434847092546107
17 3.857035234447206
18 3.8701276128918596
19 3.882801830989873
20 3.8950946803833615
21 3.907039870815627
22 3.9186682013388725
23 3.930007759929611
24 3.9410841329289017
25 3.9519206129999973
26 3.9625383989624536
27 3.97295678384785
28 3.9831933294202946
29 3.993264026595183
30 4.003183441919259
31 4.01296485070515
32 4.022620357649552
33 4.032161005875875
34 4.041596875375284
35 4.050937171804572
36 4.06019030655553
37 4.069363968950848
38 4.078465191354919
39 4.087500407919176
40 4.096475507614365
41 4.105395882138018
42 4.114266469225822
43 4.123091791840674
44 4.131875993663184
45 4.140622871262412
46 4.149335903284924
47 4.158018276963919
48 4.166672912217861
49 4.175302483578925
50 4.183909440166016
51 4.192496023894103
52 4.201064286091335
53 4.2096161026773045
54 4.218153188039752
55 4.226677107732767
56 4.235189290106783
57 4.243691036969433
58 4.252183533366238
59 4.260667856561175
60 4.26914498428915
61 4.277615802345304
62 4.286081111569727
63 4.294541634280453
64 4.302998020202527
65 4.31145085193636
66 4.319900650004559
67 4.328347877512727
68 4.336792944456394
69 4.3452362117033685
70 4.35367799467809
71 4.362118566772173
72 4.37055816250313
73 4.378996980441474
74 4.38743518592436
75 4.395872913572661
76 4.404310269626626
77 4.412747334114256
78 4.421184162865004
79 4.429620789380775
80 4.438057226574733
81 4.446493468388004
82 4.454929491293148
83 4.463365255692902
84 4.4718007072217025
85 4.480235777957167
86 4.488670387547912
87 4.497104444263808
88 4.505537845974074
89 4.513970481058415
90 4.522402229255818
91 4.530832962455407
92 4.539262545433354
93 4.547690836539578
94 4.556117688337651
95 4.564542948201133
96 4.572966458869259
97 4.581388058964741
98 4.589807583476224
99 4.598224864207745
100 4.60663973019739
101 4.615052008107222
102 4.623461522586308
103 4.631868096608677
104 4.640271551787786
105 4.648671708669088
106 4.657068387002069
107 4.665461405993079
108 4.67385058454027
109 4.682235741451684
110 4.690616695647653
111 4.69899326634847
112 4.707365273248288
113 4.715732536676114
114 4.72409487774472
115 4.732452118488243
116 4.740804081989179
117 4.749150592495447
118 4.75749147552814
119 4.7658265579805885
120 4.774155668209201
121 4.782478636116713
122 4.7907952932282125
123 4.799105472760492
124 4.807409009685053
125 4.815705740785266
126 4.823995504707977
127 4.83227814200992
128 4.840553495199332
129 4.848821408772974
130 4.85708172924895
131 4.865334305195506
132 4.8735789872561295
133 4.881815628171171
134 4.8900440827961695
135 4.898264208117178
136 4.9064758632632115
137 4.914678909516028
138 4.922873210317451
139 4.931058631274343
140 4.939235040161439
141 4.947402306922119
142 4.955560303667358
143 4.963708904672885
144 4.9718479863746845
145 4.979977427363071
146 4.988097108375239
147 4.996206912286603
148 5.004306724100861
149 5.0123964309389795
150 5.020475922027095
