0 0.20767881298499266
1 0.21437034706520677
2 0.21896681759353667
3 0.22255202780082609
4 0.22551929714786426
5 0.22804787945468172
6 0.23024517779280584
7 0.23218336205901033
8 0.23391388226000057
9 0.2354748019097051
10 0.23689504118066393
11 0.23819703687919683
12 0.2393984989132401
13 0.24051361378545985
14 0.2415538928420587
15 0.2425287839529428
16 0.24344612114431183
17 0.2443124606296658
18 0.24513333562289674
19 0.24591345208772936
20 0.24665684088308543
21 0.24736697728082468
22 0.24804687577001364
23 0.24869916593331146
24 0.2493261536783374
25 0.24992987103097383
26 0.25051211691736297
27 0.251074490788906
28 0.25161842052002825
29 0.25214518569042776
30 0.2526559371230442
31 0.2531517133655854
32 0.25363345466242665
33 0.2541020148544036
34 0.254558171558781
35 0.25500263491465647
36 0.2554360551260857
37 0.25585902899308316
38 0.2562721055869028
39 0.2566757911988999
40 0.25707055367031034
41 0.2574568261924738
42 0.2578350106524403
43 0.25820548058697723
44 0.2585685837981417
45 0.25892464467544135
46 0.25927396626285104
47 0.25961683210331415
48 0.25995350788863536
49 0.26028424293871727
50 0.26060927153075164
51 0.26092881409615676
52 0.2612430783006582
53 0.2615522600208762
54 0.2618565442290507
55 0.26215610579603654
56 0.26245111022145157
57 0.2627417142987366
58 0.2630280667219622
59 0.26331030864039273
60 0.2635885741661091
61 0.26386299083937675
62 0.26413368005592003
63 0.2644007574597764
64 0.26466433330502454
65 0.26492451278929063
66 0.26518139636165206
67 0.265435080007263
68 0.2656856555107895
69 0.26593321070052695
70 0.26617782967488324
71 0.26641959301273893
72 0.266658577969051
73 0.26689485865692986
74 0.2671285062173023
75 0.2673595889771751
76 0.26758817259739687
77 0.26781432021076595
78 0.26803809255122163
79 0.2682595480748181
80 0.2684787430730906
81 0.26869573177939987
82 0.2689105664687607
83 0.269123297551642
84 0.2693339736621638
85 0.26954264174110015
86 0.26974934711404785
87 0.26995413356509823
88 0.270157043406321
89 0.2703581175433491
90 0.27055739553732033
91 0.2707549156634212
92 0.270950714966257
93 0.2711448293122485
94 0.2713372934392536
95 0.2715281410035866
96 0.271717404624594
97 0.2719051159269488
98 0.2720913055807927
99 0.27227600333986357
100 0.2724592380777297
101 0.27264103782223675
102 0.27282142978828205
103 0.27300044040900523
104 0.27317809536549326
105 0.2733544196150801
106 0.2735294374183224
107 0.27370317236472685
108 0.2738756473972938
109 0.27404688483594875
110 0.27421690639991464
111 0.274385733229091
112 0.2745533859044823
113 0.2747198844677376
114 0.274885248439835
115 0.2750494968389703
116 0.2752126481976758
117 0.27537472057921963
118 0.2755357315933153
119 0.27569569841118235
120 0.2758546377799829
121 0.2760125660366692
122 0.2761694991212724
123 0.27632545258965635
124 0.2764804416257605
125 0.2766344810533653
126 0.27678758534738923
127 0.2769397686447525
128 0.27709104475481683
129 0.2772414271694297
130 0.2773909290725828
131 0.2775395633497106
132 0.2776873425966388
133 0.2778342791282001
134 0.2779803849865337
135 0.2781256719490819
136 0.27827015153629364
137 0.2784138350190533
138 0.27855673342584164
139 0.2786988575496445
140 0.2788402179546148
141 0.27898082498250515
142 0.2791206887588717
143 0.27925981919906867
144 0.2793982260140352
145 0.27953591871588335
146 0.27967290662330013
147 0.27980919886676664
148 0.2799448043936014
149 0.28007973197284003
150 0.28021399019995047
