0 7.470808778676823E-21
1 0.4925556845438356
2 0.7688122001526011
3 0.9935656675404474
4 1.1837591422442808
5 1.348337227151655
6 1.4930504736078958
7 1.621892718937423
8 1.7377689542650137
9 1.8428636455092282
10 1.938862709963769
11 2.027095202340623
12 2.108627654146901
13 2.184329020625367
14 2.2549166412385664
15 2.3209895325932455
16 2.383052996915416
17 2.4415371360655276
18 2.496811000475398
19 2.5491935546880717
20 2.598962283528347
21 2.646360024046276
22 2.6916004455748475
23 2.7348724872791466
24 2.776343982897023
25 2.8161646453325635
26 2.8544685423723077
27 2.8913761643751226
28 2.9269961621762004
29 2.961426816453378
30 2.994757286907523
31 3.0270686797302373
32 3.0584349641971436
33 3.088923763275963
34 3.1185970384702055
35 3.1475116854239946
36 3.1757200538743335
37 3.203270403180367
38 3.2302073027592604
39 3.25657198521729
40 3.282402658709606
41 3.3077347840321134
42 3.332601321100983
43 3.357032948774006
44 3.3810582613844833
45 3.404703944872501
46 3.4279949349891736
47 3.4509545597067217
48 3.473604667678336
49 3.4959657443437164
50 3.518057017070289
51 3.5398965505385815
52 3.561501333430919
53 3.582887357348409
54 3.6040696887711725
55 3.625062534777677
56 3.6458793031549406
57 3.6665326574599506
58 3.6870345675253833
59 3.7073963558518703
60 3.7276287402760757
61 3.7477418732649066
62 3.7677453781460453
63 3.7876483825545533
64 3.807459549344435
65 3.8271871051895854
66 3.8468388670755043
67 3.8664222668635557
68 3.8859443740905535
69 3.905411917152523
70 3.9248313030052633
71 3.9442086355031267
72 3.9635497324861095
73 3.9828601417141503
74 4.0021451557398535
75 4.021409825801653
76 4.040658974812971
77 4.059897209515692
78 4.079128931860527
79 4.098358349671727
80 4.117589486648619
81 4.13682619175162
82 4.156072148017541
83 4.175330880843809
84 4.194605765779281
85 4.213900035856174
86 4.233216788493616
87 4.252558992003355
88 4.271929491722778
89 4.291331015801491
90 4.310766180662984
91 4.330237496163924
92 4.3497473704693075
93 4.3692981146625565
94 4.388891947106975
95 4.408530997573916
96 4.428217311153299
97 4.447952851957809
98 4.467739506635783
99 4.487579087702438
100 4.5074733367014135
101 4.527423927205969
102 4.5474324676703315
103 4.567500504138414
104 4.5876295228197
105 4.607820952538765
106 4.62807616706625
107 4.648396487337849
108 4.668783183567215
109 4.689237477259254
110 4.709760543128889
111 4.730353510930409
112 4.751017467202515
113 4.771753456933496
114 4.7925624851503725
115 4.813445518437054
116 4.834403486383753
117 4.855437282972755
118 4.8765477679025535
119 4.897735767854599
120 4.919002077704497
121 4.9403474616813945
122 4.9617726544776035
123 4.9832783623112356
124 5.004865263943725
125 5.026534011655044
126 5.0482852321784275
127 5.070119527595882
128 5.092037476197949
129 5.114039633307616
130 5.13612653207152
131 5.158298684218809
132 5.180556580790337
133 5.202900692838307
134 5.225331472099064
135 5.247849351639003
136 5.270454746475831
137 5.293148054175302
138 5.315929655425785
139 5.338799914590306
140 5.361759180238031
141 5.3848077856557675
142 5.407946049339918
143 5.431174275470925
144 5.454492754369303
145 5.477901762935788
146 5.501401565074677
147 5.524992412102438
148 5.548674543141187
149 5.5724481854980965
150 5.5963135550316965
