0 0.5953475287279112 0.631894472546907
1 0.6001049576504871 0.6256423273039176
2 0.6030928177695881 0.6253088423047056
3 0.6057971601966847 0.6259362266964881
4 0.608217168762068 0.6269287758325462
5 0.6103671431105535 0.6280408014103086
6 0.612278979381663 0.6291665635594614
7 0.6139869768656975 0.6302598404141353
8 0.6155221059289071 0.6313012245848347
9 0.6169106397947959 0.6322838738610014
10 0.61817434257456 0.6332069371862192
11 0.6193311081410409 0.6340723874325092
12 0.6203956501799752 0.6348834492665626
13 0.621380114434662 0.635643806308132
14 0.6222945844524048 0.6363572017276232
15 0.6231474868815736 0.6370272422409707
16 0.6239459122221354 0.6376573087716181
17 0.6246958677176053 0.6382505232380074
18 0.6254024769337158 0.6388097445363455
19 0.6260701378226248 0.639337579179968
20 0.6267026485352141 0.6398363987048928
21 0.6273033081434773 0.6403083595777366
22 0.6278749977760445 0.6407554233436747
23 0.6284202463903859 0.6411793758647931
24 0.628941284428813 0.6415818451164342
25 0.6294400878631435 0.6419643173487621
26 0.6299184145697546 0.6423281516038646
27 0.6303778345468839 0.6426745926708308
28 0.6308197551592668 0.6430047826050592
29 0.6312454423427981 0.6433197709526806
30 0.6316560385089992 0.6436205238208484
31 0.6320525777379681 0.643907931926739
32 0.6324359987321064 0.6441828177464228
33 0.6328071559106984 0.6444459418727927
34 0.6331668289535857 0.6446980086785852
35 0.6335157310445466 0.6449396713690807
36 0.6338545160197935 0.6451715364987822
37 0.6341837845901971 0.6453941680161162
38 0.6345040897769055 0.6456080908928314
39 0.634815941675815 0.6458137943863602
40 0.6351198116477175 0.6460117349786788
41 0.6354161360146094 0.6462023390277534
42 0.6357053193301274 0.6463860051644906
43 0.6359877372816446 0.6465631064635614
44 0.6362637392720989 0.6467339924124159
45 0.6365336507233295 0.6468989907006681
46 0.6367977751357049 0.6470584088485641
47 0.6370563959344957 0.6472125356915587
48 0.6373097781286458 0.6473616427354998
49 0.637558169804352 0.6475059853958081
50 0.6378018034727867 0.6476458041320287
51 0.638040897288481 0.6477813254880219
52 0.6382756561530512 0.6479127630467664
53 0.638506272716868 0.6480403183083903
54 0.638732928289705 0.6481641814979046
55 0.6389557936700735 0.6482845323097848
56 0.6391750299017129 0.6484015405946347
57 0.6393907889648011 0.6485153669935348
58 0.6396032144084014 0.6486261635245009
59 0.6398124419300532 0.6487340741251323
60 0.6400185999075905 0.648839235155545
61 0.6402218098879535 0.648941775864619
62 0.6404221870368305 0.6490418188228629
63 0.6406198405530783 0.6491394803246432
64 0.6408148740508047 0.6492348707620087
65 0.641007385912465 0.6493280949729123
66 0.6411974696151433 0.6494192525654061
67 0.6413852140326756 0.6495084382198796
68 0.6415707037155873 0.649595741971205
69 0.6417540191507382 0.6496812494719396
70 0.6419352370024265 0.6497650422385346
71 0.6421144303364814 0.6498471978813355
72 0.6422916688287478 0.6499277903200438
73 0.6424670189592074 0.6500068899852715
74 0.642640544192905 0.6500845640074823
75 0.6428123051487272 0.650160876394268
76 0.6429823597569888 0.650235888196492
77 0.643150763406629 0.6503096576643964
78 0.643317569082918 0.6503822403942726
79 0.6434828274962898 0.6504536894661483
80 0.6436465872030123 0.6505240555735395
81 0.6438088947182576 0.6505933871453423
82 0.6439697946222253 0.6506617304607366
83 0.6441293296596433 0.6507291297573506
84 0.6442875408333093 0.6507956273332294
85 0.6444444674919435 0.6508612636430648
86 0.6446001474128384 0.6509260773888536
87 0.6447546168796103 0.6509901056056486
88 0.644907910755441 0.6510533837423386
89 0.6450600625520534 0.6511159457381562
90 0.645211104494747 0.6511778240949492
91 0.645361067583756 0.6512390499454896
92 0.6455099816521259 0.651299653118051
93 0.6456578754204065 0.651359662197743
94 0.6458047765482838 0.6514191045843203
95 0.6459507116834287 0.651478006547201
96 0.6460957065076651 0.6515363932773675
97 0.6462397857806725 0.651594288936823
98 0.646382973381339 0.6516517167052435
99 0.6465252923469861 0.6517086988244392
100 0.6466667649104468 0.6517652566404445
101 0.6468074125353258 0.6518214106435959
102 0.6469472559493403 0.651877180506372
103 0.6470863151760323 0.6519325851196652
104 0.6472246095648155 0.6519876426270007
105 0.6473621578195985 0.6520423704571449
106 0.6474989780258453 0.6520967853552179
107 0.6476350876764417 0.6521509034121348
108 0.6477705036961751 0.6522047400927491
109 0.6479052424651084 0.652258310262611
110 0.648039319840743 0.6523116282134211
111 0.648172751179202 0.6523647076872984
112 0.6483055513553204 0.6524175618999036
113 0.6484377347818575 0.6524702035625188
114 0.6485693154277506 0.6525226449030195
115 0.6487003068355579 0.6525748976859143
116 0.648830722138069 0.6526269732315128
117 0.6489605740741744 0.6526788824341403
118 0.6490898750039793 0.6527306357795423
119 0.6492186369232456 0.6527822433615285
120 0.6493468714772274 0.6528337148978504
121 0.6494745899738184 0.6528850597453579
122 0.6496018033961328 0.6529362869144892
123 0.6497285224145729 0.6529874050831255
124 0.6498547573983393 0.6530384226098509
125 0.6499805184264272 0.653089347546553
126 0.6501058152981656 0.6531401876505724
127 0.6502306575432935 0.6531909503962914
128 0.6503550544316328 0.6532416429861527
129 0.6504790149823054 0.6532922723613345
130 0.6506025479725941 0.6533428452118729
131 0.6507256619464418 0.6533933679863262
132 0.6508483652225611 0.6534438469011465
133 0.6509706659022233 0.6534942879495937
134 0.6510925718767498 0.6535446969102301
135 0.651214090834684 0.6535950793550702
136 0.6513352302686349 0.6536454406575761
137 0.6514559974819071 0.6536957859999496
138 0.6515763995948285 0.6537461203805354
139 0.6516964435508346 0.6537964486206269
140 0.6518161361222975 0.6538467753711055
141 0.651935483916149 0.6538971051188104
142 0.6520544933792685 0.653947442192623
143 0.6521731708036675 0.6539977907693746
144 0.6522915223314582 0.6540481548793579
145 0.6524095539596729 0.6540985384118293
146 0.6525272715448245 0.6541489451201218
147 0.6526446808073829 0.6541993786266338
148 0.6527617873360088 0.6542498424275964
149 0.6528785965916653 0.654300339897703
150 0.6529951139115714 0.6543508742944167
