0 1.5988318183794898
1 1.7457080264599676
2 1.9017496882854092
3 2.03184579430625
4 2.1432187653864485
5 2.2410139131050753
6 2.328452357971597
7 2.4076489404980412
8 2.480074478405037
9 2.54680367881227
10 2.608653660677838
11 2.6662656160021356
12 2.720155491453557
13 2.7707469245248517
14 2.81839352533278
15 2.8633944837802914
16 2.9060058339497754
17 2.9464487966879753
18 2.9849160974290596
19 3.0215768438356374
20 3.056580355224877
21 3.0900592134012346
22 3.122131724662467
23 3.1529039293186036
24 3.182471258510348
25 3.2109199125853958
26 3.238328017134368
27 3.2647665996471478
28 3.2903004201003316
29 3.3149886815899876
30 3.3388856416973782
31 3.3620411411257027
32 3.3845010629453096
33 3.4063077332869427
34 3.427500272357154
35 3.4481149030897624
36 3.4681852234992196
37 3.4877424477944867
38 3.50681562049716
39 3.5254318071390722
40 3.5436162645684974
41 3.5613925934400146
42 3.5787828750882418
43 3.595807794672067
44 3.612486752212758
45 3.6288379629275664
46 3.6448785480747885
47 3.6606246173655617
48 3.6760913438634035
49 3.6912930321766977
50 3.706243180649739
51 3.720954538172751
52 3.7354391561575273
53 3.749708436161739
54 3.7637731735888496
55 3.777643597843446
56 3.7913294092786827
57 3.804839813236287
58 3.818183551447465
59 3.831368931034018
60 3.844403851324626
61 3.8572958286790335
62 3.870052019493355
63 3.8826792415423803
64 3.895183993799435
65 3.90757247486127
66 3.919850600092293
67 3.932024017592295
68 3.944098123082543
69 3.9560780737952452
70 3.9679688014447536
71 3.979775024351298
72 3.991501258782022
73 4.003151829568285
74 4.014730880053019
75 4.026242381418032
76 4.037690141435575
77 4.049077812686473
78 4.0604089002822885
79 4.071686769126474
80 4.082914650747003
81 4.0940956497293
82 4.105232749777692
83 4.116328819429553
84 4.127386617445769
85 4.138408797898855
86 4.149397914978615
87 4.160356427533231
88 4.171286703363408
89 4.1821910232844735
90 4.193071584971896
91 4.203930506602699
92 4.214769830306543
93 4.225591525437
94 4.236397491674623
95 4.247189561971637
96 4.257969505347833
97 4.268739029545882
98 4.279499783555572
99 4.290253360012707
100 4.301001297481489
101 4.311745082626368
102 4.32248615227919
103 4.333225895408355
104 4.343965654994926
105 4.354706729820521
106 4.365450376172555
107 4.376197809470662
108 4.386950205819054
109 4.397708703487826
110 4.408474404328507
111 4.419248375125569
112 4.430031648888603
113 4.440825226087463
114 4.451630075833506
115 4.4624471370096686
116 4.473277319352099
117 4.484121504485418
118 4.494980546914472
119 4.5058552749737695
120 4.516746491738191
121 4.527654975894914
122 4.538581482580279
123 4.549526744182149
124 4.560491471109634
125 4.571476352531894
126 4.582482057087399
127 4.5935092335648555
128 4.60455851155759
129 4.61563050209183
130 4.626725798230766
131 4.637844975655373
132 4.648988593222479
133 4.660157193502076
134 4.671351303293794
135 4.682571434124047
136 4.693818082724764
137 4.705091731493974
138 4.716392848939643
139 4.727721890107047
140 4.739079296990598
141 4.750465498930556
142 4.761880912995945
143 4.7733259443530125
144 4.7848009866212005
145 4.796306422216105
146 4.807842622680531
147 4.819409949004078
148 4.831008751931274
149 4.842639372259474
150 4.854302141125997
