0 3.4349413981389314
1 3.435135240736832
2 3.435695152275884
3 3.4365908822907762
4 3.43779483646592
5 3.439281804492651
6 3.4410287204985703
7 3.4430144515644354
8 3.445219610542211
9 3.447626389965245
10 3.4502184143201946
11 3.452980608350327
12 3.45589907939387
13 3.458961012042118
14 3.4621545736390793
15 3.4654688293445424
16 3.4688936656527893
17 3.4724197214042083
18 3.476038325450628
19 3.4797414402413986
20 3.483521610688416
21 3.4873719177463935
22 3.4912859362133886
23 3.495257696314139
24 3.4992816486804754
25 3.5033526323876676
26 3.507465845743315
27 3.511616819559822
28 3.515801392671267
29 3.5200156894807955
30 3.524256099348158
31 3.5285192576464395
32 3.532802028335916
33 3.537101487916979
34 3.5414149106398622
35 3.545739754859692
36 3.550073650437276
37 3.5544143870955542
38 3.558759903649928
39 3.563108278039379
40 3.567457718091076
41 3.571806552958519
42 3.57615322517785
43 3.5804962832926654
44 3.5848343750019143
45 3.5891662407894365
46 3.5934907079973986
47 3.5978066853093265
48 3.6021131576112144
49 3.6064091812017915
50 3.610693879326056
51 3.614966438007309
52 3.619226102156313
53 3.623472171936541
54 3.627703999367416
55 3.631920985148219
56 3.636122575686662
57 3.6403082603181334
58 3.6444775687014914
59 3.6486300683798043
60 3.6527653624942493
61 3.6568830876406078
62 3.6609829118588193
63 3.665064532746429
64 3.6691276756879754
65 3.673172092191877
66 3.6771975583285275
67 3.681203873262547
68 3.6851908578726458
69 3.6891583534545265
70 3.6931062205002374
71 3.6970343375500514
72 3.7009426001115138
73 3.704830919642133
74 3.708699222591019
75 3.7125474494967285
76 3.716375554136428
77 3.720183502724684
78 3.723971273158115
79 3.727738854302951
80 3.731486245323378
81 3.7352134550480125
82 3.738920501371921
83 3.7426074106927643
84 3.746274217378435
85 3.749920963264441
86 3.753547697179541
87 3.7571544744978627
88 3.7607413567158154
89 3.7643084110527014
90 3.7678557100729795
91 3.7713833313302265
92 3.774891357029905
93 3.778379873711292
94 3.7818489719467085
95 3.785298746057348
96 3.788729293844588
97 3.792140716336273
98 3.795533117546803
99 3.798906604250298
100 3.8022612857662876
101 3.8055972737572348
102 3.8089146820370656
103 3.812213626390098
104 3.8154942244001715
105 3.818756595288946
106 3.822000859763308
107 3.825227139870829
108 3.828435558863669
109 3.83162624106965
110 3.83479931177058
111 3.8379548970873594
112 3.841093123871488
113 3.84421411960267
114 3.847318012292
115 3.850404930390722
116 3.8534750027041453
117 3.8565283583105723
118 3.8595651264843753
119 3.8625854366241135
120 3.8655894181843395
121 3.8685772006115067
122 3.871548913283668
123 3.8745046854535787
124 3.8774446461953676
125 3.8803689243541655
126 3.883277648499018
127 3.886170946878343
128 3.889048947378417
129 3.8919117774843155
130 3.894759564243142
131 3.897592434229996
132 3.900410513515637
133 3.903213927636712
134 3.9060028015675594
135 3.9087772596941313
136 3.911537425789662
137 3.914283422992081
138 3.9170153737827476
139 3.9197333999671575
140 3.9224376226566946
141 3.925128162252086
142 3.927805138427697
143 3.9304686701175933
144 3.9331188755025335
145 3.9357558719977788
146 3.9383797762425794
147 3.940990704090094
148 3.9435887705984016
149 3.946174090022708
150 3.9487467758079413
