0 433214.23016908305
1 0.3847245139231842
2 0.7499103165198698
3 1.0246428041855038
4 1.2436072502678623
5 1.4264855841157404
6 1.5842297876595814
7 1.7233989082497094
8 1.8482134934949075
9 1.9615586198070707
10 2.065506133304819
11 2.161604350282414
12 2.251048173099783
13 2.334784114182143
14 2.41357804109046
15 2.4880605843441006
16 2.5587586121134915
17 2.626117697217773
18 2.6905185716963986
19 2.75228945207995
20 2.811715455420323
21 2.8690459183663513
22 2.924500173610708
23 2.9782721705708997
24 3.0305342158536956
25 3.0814400334341867
26 3.1311272920801954
27 3.1797197105645365
28 3.2273288246598595
29 3.2740554805538653
30 3.3199911050086333
31 3.365218791862462
32 3.409814236334339
33 3.4538465423549987
34 3.497378923307874
35 3.5404693127831823
36 3.583170898957959
37 3.6255325938409753
38 3.667599446712081
39 3.7094130095467652
40 3.751011660965391
41 3.7924308942218317
42 3.833703573903362
43 3.8748601653173482
44 3.9159289399610615
45 3.9569361599856747
46 3.9979062441608653
47 4.038861917503548
48 4.07982434644409
49 4.120813261159301
50 4.161847066490146
51 4.202942942683992
52 4.244116937047237
53 4.285384047461944
54 4.326758298606296
55 4.368252811618787
56 4.409879867862095
57 4.451650967366229
58 4.493576882466946
59 4.535667707097231
60 4.577932902141565
61 4.620381337216744
62 4.663021329206389
63 4.705860677841668
64 4.748906698590219
65 4.792166253090077
66 4.835645777339845
67 4.879351307838221
68 4.9232885058442015
69 4.9674626799156
70 5.011878806866647
71 5.056541551273342
72 5.101455283643139
73 5.146624097354556
74 5.19205182446335
75 5.237742050462669
76 5.283698128077654
77 5.329923190167059
78 5.376420161799398
79 5.423191771563784
80 5.470240562172568
81 5.51756890040598
82 5.565178986446679
83 5.613072862647273
84 5.66125242177026
85 5.709719414737704
86 5.75847545792358
87 5.807522040020466
88 5.856860528509029
89 5.906492175756767
90 5.956418124770749
91 6.006639414626724
92 6.057156985595705
93 6.107971683987435
94 6.159084266728694
95 6.210495405693242
96 6.262205691798983
97 6.314215638886502
98 6.366525687392572
99 6.41913620783102
100 6.4720475040927745
101 6.525259816575571
102 6.578773325153442
103 6.632588151995964
104 6.686704364244886
105 6.741121976557828
106 6.795840953525212
107 6.850861211968745
108 6.906182623127504
109 6.961805014737946
110 7.017728173014363
111 7.073951844534139
112 7.130475738034007
113 7.187299526121775
114 7.244422846907736
115 7.30184530556065
116 7.35956647579176
117 7.417585901270971
118 7.475903096978524
119 7.53451755049594
120 7.5934287232380715
121 7.652636051631438
122 7.712138948239153
123 7.7719368028372
124 7.832028983443017
125 7.892414837299445
126 7.953093691816378
127 8.014064855471277
128 8.075327618672148
129 8.13688125458275
130 8.19872501991372
131 8.260858155680063
132 8.323279887927121
133 8.385989428426214
134 8.448985975341545
135 8.512268713869785
136 8.575836816853315
137 8.639689445368587
138 8.703825749290544
139 8.76824486783438
140 8.83294593007526
141 8.897928055447935
142 8.963190354225604
143 9.028731927980612
144 9.094551870026304
145 9.160649265842087
146 9.22702319348169
147 9.293672723965322
148 9.360596921656798
149 9.42779484462637
150 9.495265544998935
