0 7.470808778676823E-21 259.599781464744 3.78
1 0.4925556845438356 9.497715541092674 3.78
2 0.7688122001526011 7.682157533438952 3.78
3 0.9935656675404474 6.834392953525133 3.78
4 1.1837591422442808 6.336690419503738 3.78
5 1.348337227151655 6.0111378850652155 3.78
6 1.4930504736078958 5.784017202639352 3.78
7 1.621892718937423 5.618660172538058 3.78
8 1.7377689542650137 5.494626190097553 3.78
9 1.8428636455092282 5.399582294068363 3.78
10 1.938862709963769 5.325637522271919 3.78
11 2.027095202340623 5.267507916049 3.78
12 2.108627654146901 5.2215238240644695 3.78
13 2.184329020625367 5.185059243128055 3.78
14 2.2549166412385664 5.156187283916072 3.78
15 2.3209895325932455 5.133463555679471 3.78
16 2.383052996915416 5.115785247809656 3.78
17 2.4415371360655276 5.102296741323866 3.78
18 2.496811000475398 5.092324768929349 3.78
19 2.5491935546880717 5.08533287774591 3.78
20 2.598962283528347 5.08088881791838 3.78
21 2.646360024046276 5.07864077879118 3.78
22 2.6916004455748475 5.0782998005938245 3.78
23 2.7348724872791466 5.0796265728271965 3.78
24 2.776343982897023 5.082421398413084 3.78
25 2.8161646453325635 5.086516475548777 3.78
26 2.8544685423723077 5.09176989877551 3.78
27 2.8913761643751226 5.098060950701482 3.78
28 2.9269961621762004 5.10528637340368 3.78
29 2.961426816453378 5.1133573910640315 3.78
30 2.994757286907523 5.122197314120139 3.78
31 3.0270686797302373 5.131739597504996 3.78
32 3.0584349641971436 5.1419262563734325 3.78
33 3.088923763275963 5.152706565409557 3.78
34 3.1185970384702055 5.164035984695083 3.78
35 3.1475116854239946 5.175875267789935 3.78
36 3.1757200538743335 5.1881897172828 3.78
37 3.203270403180367 5.200948560395365 3.78
38 3.2302073027592604 5.214124422869365 3.78
39 3.25657198521729 5.227692883731662 3.78
40 3.282402658709606 5.241632096953303 3.78
41 3.3077347840321134 5.255922468691116 3.78
42 3.332601321100983 5.270546380923995 3.78
43 3.357032948774006 5.28548795397739 3.78
44 3.3810582613844833 5.300732841777028 3.78
45 3.404703944872501 5.31626805475411 3.78
46 3.4279949349891736 5.332081806198764 3.78
47 3.4509545597067217 5.348163378564909 3.78
48 3.473604667678336 5.3645030068121 3.78
49 3.4959657443437164 5.381091776337873 3.78
50 3.518057017070289 5.397921533447978 3.78
51 3.5398965505385815 5.41498480662872 3.78
52 3.561501333430919 5.432274737156308 3.78
53 3.582887357348409 5.449785017794006 3.78
54 3.6040696887711725 5.467509838517864 3.78
55 3.625062534777677 5.485443838362938 3.78
56 3.6458793031549406 5.503582062612767 3.78
57 3.6665326574599506 5.521919924665903 3.78
58 3.6870345675253833 5.540453172002587 3.78
59 3.7073963558518703 5.559177855757248 3.78
60 3.7276287402760757 5.5780903034653075 3.78
61 3.7477418732649066 5.597187094612789 3.78
62 3.7677453781460453 5.616465038663113 3.78
63 3.7876483825545533 5.635921155280543 3.78
64 3.807459549344435 5.655552656500916 3.78
65 3.8271871051895854 5.6753569306360205 3.78
66 3.8468388670755043 5.695331527720243 3.78
67 3.8664222668635557 5.715474146335199 3.78
68 3.8859443740905535 5.73578262166318 3.78
69 3.905411917152523 5.756254914643104 3.78
70 3.9248313030052633 5.7768891021126185 3.78
71 3.9442086355031267 5.797683367836036 3.78
72 3.9635497324861095 5.818635994329481 3.78
73 3.9828601417141503 5.839745355402425 3.78
74 4.0021451557398535 5.861009909345651 3.78
75 4.021409825801653 5.8824281927024975 3.78
76 4.040658974812971 5.903998814567517 3.78
77 4.059897209515692 5.925720451362183 3.78
78 4.079128931860527 5.947591842042507 3.78
79 4.098358349671727 5.969611783698974 3.78
80 4.117589486648619 5.991779127512667 3.78
81 4.13682619175162 6.014092775034511 3.78
82 4.156072148017541 6.03655167475967 3.78
83 4.175330880843809 6.059154818970113 3.78
84 4.194605765779281 6.081901240821722 3.78
85 4.213900035856174 6.104790011655318 3.78
86 4.233216788493616 6.127820238511446 3.78
87 4.252558992003355 6.15099106183257 3.78
88 4.271929491722778 6.174301653335677 3.78
89 4.291331015801491 6.197751214042247 3.78
90 4.310766180662984 6.221338972451279 3.78
91 4.330237496163924 6.2450641828454865 3.78
92 4.3497473704693075 6.268926123717598 3.78
93 4.3692981146625565 6.2929240963090844 3.78
94 4.388891947106975 6.317057423251328 3.78
95 4.408530997573916 6.341325447300943 3.78
96 4.428217311153299 6.365727530163594 3.78
97 4.447952851957809 6.390263051396583 3.78
98 4.467739506635783 6.4149314073872095 3.78
99 4.487579087702438 6.439732010399026 3.78
100 4.5074733367014135 6.464664287681892 3.78
101 4.527423927205969 6.48972768064026 3.78
102 4.5474324676703315 6.514921644056901 3.78
103 4.567500504138414 6.540245645366036 3.78
104 4.5876295228197 6.565699163973649 3.78
105 4.607820952538765 6.591281690621312 3.78
106 4.62807616706625 6.616992726789826 3.78
107 4.648396487337849 6.6428317841411015 3.78
108 4.668783183567215 6.668798383993652 3.78
109 4.689237477259254 6.694892056831716 3.78
110 4.709760543128889 6.721112341843523 3.78
111 4.730353510930409 6.747458786488159 3.78
112 4.751017467202515 6.773930946088379 3.78
113 4.771753456933496 6.800528383447943 3.78
114 4.7925624851503725 6.827250668491079 3.78
115 4.813445518437054 6.8540973779245755 3.78
116 4.834403486383753 6.881068094917967 3.78
117 4.855437282972755 6.908162408803501 3.78
118 4.8765477679025535 6.935379914792877 3.78
119 4.897735767854599 6.96272021371061 3.78
120 4.919002077704497 6.99018291174171 3.78
121 4.9403474616813945 7.017767620194688 3.78
122 4.9617726544776035 7.045473955276857 3.78
123 4.9832783623112356 7.073301537883028 3.78
124 5.004865263943725 7.10124999339487 3.78
125 5.026534011655044 7.129318951492082 3.78
126 5.0482852321784275 7.157508045973781 3.78
127 5.070119527595882 7.185816914588644 3.78
128 5.092037476197949 7.214245198875503 3.78
129 5.114039633307616 7.242792544011307 3.78
130 5.13612653207152 7.271458598668099 3.78
131 5.158298684218809 7.300243014876403 3.78
132 5.180556580790337 7.329145447896876 3.78
133 5.202900692838307 7.358165556097626 3.78
134 5.225331472099064 7.387303000838725 3.78
135 5.247849351639003 7.416557446362015 3.78
136 5.270454746475831 7.445928559686781 3.78
137 5.293148054175302 7.475416010510452 3.78
138 5.315929655425785 7.505019471114817 3.78
139 5.338799914590306 7.534738616276211 3.78
140 5.361759180238031 7.564573123180652 3.78
141 5.3848077856557675 7.594522671343131 3.78
142 5.407946049339918 7.624586942530248 3.78
143 5.431174275470925 7.654765620687727 3.78
144 5.454492754369303 7.685058391870082 3.78
145 5.477901762935788 7.715464944174805 3.78
146 5.501401565074677 7.745984967679018 3.78
147 5.524992412102438 7.776618154379419 3.78
148 5.548674543141187 7.807364198134827 3.78
149 5.5724481854980965 7.838222794611511 3.78
150 5.5963135550316965 7.869193641231196 3.78
