0 1.738124293898736E-20
1 0.9152709353983666
2 1.2205239401678405
3 1.4278307621026705
4 1.5935752511877583
5 1.734741250010387
6 1.8587739709397408
7 1.969760210163294
8 2.0702883743751825
9 2.1621580358263643
10 2.2467007452085035
11 2.324945039892522
12 2.3977102508792525
13 2.4656641798292664
14 2.529360814696324
15 2.5892662214249156
16 2.645777019572682
17 2.699233982283062
18 2.7499323037101226
19 2.7981295139100957
20 2.8440516876163167
21 2.8878983872486543
22 2.9298466485250834
23 2.9700542297975994
24 3.0086622869583226
25 3.0457975945058173
26 3.0815744040385833
27 3.116096010208738
28 3.1494560785379626
29 3.181739777819851
30 3.213024750997067
31 3.2433819516314952
32 3.272876367847508
33 3.301567651532846
34 3.3295106673522397
35 3.356755973562816
36 3.3833502445616244
37 3.409336643439658
38 3.4347551514688206
39 3.4596428603486244
40 3.484034232137799
41 3.507961331049375
42 3.5314540306696283
43 3.55454019964649
44 3.577245868460444
45 3.5995953795293327
46 3.6216115225913352
47 3.643315657051809
48 3.6647278227587896
49 3.6858668404841914
50 3.7067504032264997
51 3.727395159312605
52 3.747816788158466
53 3.7680300694434403
54 3.788048946367023
55 3.807886583576888
56 3.8275554202920805
57 3.847067219085194
58 3.866433110737235
59 3.8856636355330334
60 3.9047687813262337
61 3.923758018668545
62 3.942640333266533
63 3.9614242560024233
64 3.9801178907325423
65 3.998728940054038
66 4.017264729213273
67 4.03573222831159
68 4.054138072949832
69 4.072488583438942
70 4.090789782692888
71 4.109047412908972
72 4.127266951130954
73 4.145453623782263
74 4.163612420248461
75 4.181748105581365
76 4.199865232390799
77 4.217968151984377
78 4.236061024810851
79 4.254147830257325
80 4.272232375847084
81 4.290318305880416
82 4.308409109558039
83 4.326508128622711
84 4.344618564552501
85 4.362743485336258
86 4.38088583185947
87 4.3990484239267
88 4.41723396594413
89 4.435445052285359
90 4.453684172360096
91 4.471953715405626
92 4.4902559750179085
93 4.508593153439557
94 4.526967365619148
95 4.545380643056626
96 4.563834937447389
97 4.582332124137533
98 4.600874005401844
99 4.619462313554576
100 4.638098713903625
101 4.656784807556402
102 4.675522134086905
103 4.69431217407124
104 4.713156351499947
105 4.732056036072997
106 4.751012545385198
107 4.770027147007321
108 4.789101060469075
109 4.80823545914923
110 4.827431472077842
111 4.846690185655628
112 4.866012645294342
113 4.885399856983138
114 4.904852788784144
115 4.924372372261191
116 4.943959503845274
117 4.963615046139868
118 4.983339829169268
119 5.003134651572617
120 5.023000281746727
121 5.042937458939869
122 5.062946894299419
123 5.0830292718749375
124 5.103185249579621
125 5.123415460111812
126 5.143720511838294
127 5.164100989641417
128 5.184557455732106
129 5.205090450429367
130 5.22570049290921
131 5.246388081923243
132 5.267153696488824
133 5.287997796552426
134 5.30892082362668
135 5.329923201402766
136 5.351005336339387
137 5.372167618228929
138 5.393410420742144
139 5.414734101952188
140 5.436139004839069
141 5.457625457775055
142 5.479193774992106
143 5.5008442570322655
144 5.522577191181142
145 5.544392851885808
146 5.566291501157735
147 5.5882733889606655
148 5.610338753585177
149 5.632487822009516
150 5.654720810247885
