0 0.5953475287279112
1 0.6001049576504871
2 0.6030928177695881
3 0.6057971601966847
4 0.608217168762068
5 0.6103671431105535
6 0.612278979381663
7 0.6139869768656975
8 0.6155221059289071
9 0.6169106397947959
10 0.61817434257456
11 0.6193311081410409
12 0.6203956501799752
13 0.621380114434662
14 0.6222945844524048
15 0.6231474868815736
16 0.6239459122221354
17 0.6246958677176053
18 0.6254024769337158
19 0.6260701378226248
20 0.6267026485352141
21 0.6273033081434773
22 0.6278749977760445
23 0.6284202463903859
24 0.628941284428813
25 0.6294400878631435
26 0.6299184145697546
27 0.6303778345468839
28 0.6308197551592668
29 0.6312454423427981
30 0.6316560385089992
31 0.6320525777379681
32 0.6324359987321064
33 0.6328071559106984
34 0.6331668289535857
35 0.6335157310445466
36 0.6338545160197935
37 0.6341837845901971
38 0.6345040897769055
39 0.634815941675815
40 0.6351198116477175
41 0.6354161360146094
42 0.6357053193301274
43 0.6359877372816446
44 0.6362637392720989
45 0.6365336507233295
46 0.6367977751357049
47 0.6370563959344957
48 0.6373097781286458
49 0.637558169804352
50 0.6378018034727867
51 0.638040897288481
52 0.6382756561530512
53 0.638506272716868
54 0.638732928289705
55 0.6389557936700735
56 0.6391750299017129
57 0.6393907889648011
58 0.6396032144084014
59 0.6398124419300532
60 0.6400185999075905
61 0.6402218098879535
62 0.6404221870368305
63 0.6406198405530783
64 0.6408148740508047
65 0.641007385912465
66 0.6411974696151433
67 0.6413852140326756
68 0.6415707037155873
69 0.6417540191507382
70 0.6419352370024265
71 0.6421144303364814
72 0.6422916688287478
73 0.6424670189592074
74 0.642640544192905
75 0.6428123051487272
76 0.6429823597569888
77 0.643150763406629
78 0.643317569082918
79 0.6434828274962898
80 0.6436465872030123
81 0.6438088947182576
82 0.6439697946222253
83 0.6441293296596433
84 0.6442875408333093
85 0.6444444674919435
86 0.6446001474128384
87 0.6447546168796103
88 0.644907910755441
89 0.6450600625520534
90 0.645211104494747
91 0.645361067583756
92 0.6455099816521259
93 0.6456578754204065
94 0.6458047765482838
95 0.6459507116834287
96 0.6460957065076651
97 0.6462397857806725
98 0.646382973381339
99 0.6465252923469861
100 0.6466667649104468
101 0.6468074125353258
102 0.6469472559493403
103 0.6470863151760323
104 0.6472246095648155
105 0.6473621578195985
106 0.6474989780258453
107 0.6476350876764417
108 0.6477705036961751
109 0.6479052424651084
110 0.648039319840743
111 0.648172751179202
112 0.6483055513553204
113 0.6484377347818575
114 0.6485693154277506
115 0.6487003068355579
116 0.648830722138069
117 0.6489605740741744
118 0.6490898750039793
119 0.6492186369232456
120 0.6493468714772274
121 0.6494745899738184
122 0.6496018033961328
123 0.6497285224145729
124 0.6498547573983393
125 0.6499805184264272
126 0.6501058152981656
127 0.6502306575432935
128 0.6503550544316328
129 0.6504790149823054
130 0.6506025479725941
131 0.6507256619464418
132 0.6508483652225611
133 0.6509706659022233
134 0.6510925718767498
135 0.651214090834684
136 0.6513352302686349
137 0.6514559974819071
138 0.6515763995948285
139 0.6516964435508346
140 0.6518161361222975
141 0.651935483916149
142 0.6520544933792685
143 0.6521731708036675
144 0.6522915223314582
145 0.6524095539596729
146 0.6525272715448245
147 0.6526446808073829
148 0.6527617873360088
149 0.6528785965916653
150 0.6529951139115714
