0 0.20767881298499266 0.5046023504869804
1 0.21437034706520677 0.4634307690596756
2 0.21896681759353667 0.44623880192160537
3 0.22255202780082609 0.43545407599359004
4 0.22551929714786426 0.4279838237736414
5 0.22804787945468172 0.42247853996169693
6 0.23024517779280584 0.41823929159926254
7 0.23218336205901033 0.41486527881976587
8 0.23391388226000057 0.4121096658587911
9 0.2354748019097051 0.4098120098873596
10 0.23689504118066393 0.40786347080109864
11 0.23819703687919683 0.4061875903160869
12 0.2393984989132401 0.40472906574108314
13 0.24051361378545985 0.4034468891288613
14 0.2415538928420587 0.4023099924855429
15 0.2425287839529428 0.4012943930953699
16 0.24344612114431183 0.4003812693508282
17 0.2443124606296658 0.3995556317945627
18 0.24513333562289674 0.39880538527995807
19 0.24591345208772936 0.3981206543225157
20 0.24665684088308543 0.39749328935025885
21 0.24736697728082468 0.3969164996804126
22 0.24804687577001364 0.3963845768126325
23 0.24869916593331146 0.3958926831042177
24 0.2493261536783374 0.3954366884576242
25 0.24992987103097383 0.3950130427302119
26 0.25051211691736297 0.39461867504505654
27 0.251074490788906 0.3942509135873214
28 0.25161842052002825 0.39390742116307925
29 0.25214518569042776 0.39358614300385686
30 0.2526559371230442 0.3932852641705647
31 0.2531517133655854 0.3930031745458988
32 0.25363345466242665 0.39273843987293544
33 0.2541020148544036 0.3924897776468078
34 0.254558171558781 0.3922560369289999
35 0.25500263491465647 0.3920361813530074
36 0.2554360551260857 0.39182927474253676
37 0.25585902899308316 0.39163446888093856
38 0.2562721055869028 0.3914509930618564
39 0.2566757911988999 0.3912781451224732
40 0.25707055367031034 0.3911152837169129
41 0.2574568261924738 0.39096182163200116
42 0.2578350106524403 0.3908172199829881
43 0.25820548058697723 0.39068098315540006
44 0.2585685837981417 0.3905526543820844
45 0.25892464467544135 0.39043181186312836
46 0.25927396626285104 0.3903180653514738
47 0.25961683210331415 0.390211053139471
48 0.25995350788863536 0.39011043939173357
49 0.26028424293871727 0.3900159117781334
50 0.26060927153075164 0.38992717936772087
51 0.26092881409615676 0.38984397075015276
52 0.2612430783006582 0.3897660323560397
53 0.2615522600208762 0.3896931269517647
54 0.2618565442290507 0.38962503228764034
55 0.26215610579603654 0.3895615398812461
56 0.26245111022145157 0.3895024539202124
57 0.2627417142987366 0.38944759027076986
58 0.2630280667219622 0.38939677558019287
59 0.26331030864039273 0.3893498464627757
60 0.2635885741661091 0.38930664876027316
61 0.26386299083937675 0.3892670368688424
62 0.26413368005592003 0.38923087312554266
63 0.2644007574597764 0.38919802724819635
64 0.26466433330502454 0.38916837582323166
65 0.26492451278929063 0.38914180183668495
66 0.26518139636165206 0.3891181942441034
67 0.265435080007263 0.38909744757560827
68 0.2656856555107895 0.3890794615727295
69 0.26593321070052695 0.3890641408540291
70 0.26617782967488324 0.389051394606856
71 0.26641959301273893 0.38904113630282877
72 0.266658577969051 0.38903328343490473
73 0.26689485865692986 0.38902775727414496
74 0.2671285062173023 0.389024482644404
75 0.2673595889771751 0.38902338771344336
76 0.26758817259739687 0.38902440379902486
77 0.26781432021076595 0.38902746518875253
78 0.26803809255122163 0.3890325089725068
79 0.2682595480748181 0.3890394748864461
80 0.2684787430730906 0.3890483051676273
81 0.26869573177939987 0.38905894441840944
82 0.2689105664687607 0.38907133947986267
83 0.269123297551642 0.38908543931347433
84 0.2693339736621638 0.3891011948905295
85 0.26954264174110015 0.38911855908855636
86 0.26974934711404785 0.3891374865943318
87 0.26995413356509823 0.38915793381294167
88 0.270157043406321 0.38917985878245726
89 0.2703581175433491 0.3892032210938163
90 0.27055739553732033 0.38922798181554225
91 0.2707549156634212 0.38925410342294897
92 0.270950714966257 0.3892815497315262
93 0.2711448293122485 0.3893102858341964
94 0.2713372934392536 0.38934027804220755
95 0.2715281410035866 0.38937149382938185
96 0.271717404624594 0.38940390177951895
97 0.2719051159269488 0.3894374715367319
98 0.2720913055807927 0.3894721737585214
99 0.27227600333986357 0.38950798007142096
100 0.2724592380777297 0.3895448630290378
101 0.27264103782223675 0.38958279607233276
102 0.27282142978828205 0.3896217534920156
103 0.27300044040900523 0.38966171039289665
104 0.27317809536549326 0.3897026426601026
105 0.2733544196150801 0.3897445269270151
106 0.2735294374183224 0.3897873405448579
107 0.27370317236472685 0.3898310615537839
108 0.2738756473972938 0.3898756686554457
109 0.27404688483594875 0.3899211411868818
110 0.27421690639991464 0.38996745909570923
111 0.274385733229091 0.39001460291650136
112 0.2745533859044823 0.3900625537482993
113 0.2747198844677376 0.39011129323321375
114 0.274885248439835 0.3901608035359955
115 0.2750494968389703 0.3902110673246009
116 0.2752126481976758 0.39026206775162736
117 0.27537472057921963 0.39031378843661385
118 0.2755357315933153 0.39036621344913613
119 0.27569569841118235 0.390419327292671
120 0.2758546377799829 0.390473114889174
121 0.2760125660366692 0.39052756156434054
122 0.2761694991212724 0.39058265303351325
123 0.27632545258965635 0.3906383753882051
124 0.2764804416257605 0.3906947150831911
125 0.2766344810533653 0.39075165892417174
126 0.27678758534738923 0.39080919405593206
127 0.2769397686447525 0.3908673079510234
128 0.27709104475481683 0.39092598839889636
129 0.2772414271694297 0.3909852234954956
130 0.2773909290725828 0.39104500163327666
131 0.2775395633497106 0.3911053114916204
132 0.2776873425966388 0.3911661420276436
133 0.2778342791282001 0.3912274824673795
134 0.2779803849865337 0.3912893222972869
135 0.2781256719490819 0.3913516512561208
136 0.27827015153629364 0.3914144593270983
137 0.2784138350190533 0.39147773673038094
138 0.27855673342584164 0.3915414739158347
139 0.2786988575496445 0.3916056615560749
140 0.2788402179546148 0.39167029053977237
141 0.27898082498250515 0.3917353519652025
142 0.2791206887588717 0.3918008371340476
143 0.27925981919906867 0.3918667375454125
144 0.2793982260140352 0.3919330448900735
145 0.27953591871588335 0.39199975104493545
146 0.27967290662330013 0.3920668480676697
147 0.27980919886676664 0.3921343281915752
148 0.2799448043936014 0.39220218382059446
149 0.28007973197284003 0.3922704075245238
150 0.28021399019995047 0.39233899203438105
