0 433214.23016908305 9035162.294782463 4.015
1 0.3847245139231842 6.818660944533964 4.015
2 0.7499103165198698 6.057223401638887 4.015
3 1.0246428041855038 5.779520445352753 4.015
4 1.2436072502678623 5.651857886542342 4.015
5 1.4264855841157404 5.587709064657916 4.015
6 1.5842297876595814 5.555854814640262 4.015
7 1.7233989082497094 5.542557521927497 4.015
8 1.8482134934949075 5.540902229185348 4.015
9 1.9615586198070707 5.547052612872744 4.015
10 2.065506133304819 5.558718219445922 4.015
11 2.161604350282414 5.574451246776585 4.015
12 2.251048173099783 5.593294047794585 4.015
13 2.334784114182143 5.614589457386985 4.015
14 2.41357804109046 5.637872636830371 4.015
15 2.4880605843441006 5.6628063523122165 4.015
16 2.5587586121134915 5.689140637265126 4.015
17 2.626117697217773 5.716686765497361 4.015
18 2.6905185716963986 5.745299950060261 4.015
19 2.75228945207995 5.774867541470093 4.015
20 2.811715455420323 5.805300793530031 4.015
21 2.8690459183663513 5.836529003166736 4.015
22 2.924500173610708 5.86849526597306 4.015
23 2.9782721705708997 5.901153353602242 4.015
24 3.0305342158536956 5.934465384186084 4.015
25 3.0814400334341867 5.968400062420525 4.015
26 3.1311272920801954 6.002931334860972 4.015
27 3.1797197105645365 6.038037351854273 4.015
28 3.2273288246598595 6.0736996586562695 4.015
29 3.2740554805538653 6.109902559726037 4.015
30 3.3199911050086333 6.146632615196657 4.015
31 3.365218791862462 6.183878239159732 4.015
32 3.409814236334339 6.221629377044605 4.015
33 3.4538465423549987 6.259877244928624 4.015
34 3.497378923307874 6.29861411769044 4.015
35 3.5404693127831823 6.3378331559480525 4.015
36 3.583170898957959 6.3775282639862265 4.015
37 3.6255325938409753 6.417693972594254 4.015
38 3.667599446712081 6.4583253420332785 4.015
39 3.7094130095467652 6.499417881356965 4.015
40 3.751011660965391 6.540967481081028 4.015
41 3.7924308942218317 6.582970356797877 4.015
42 3.833703573903362 6.6254230018049105 4.015
43 3.8748601653173482 6.668322147183818 4.015
44 3.9159289399610615 6.711664728066059 4.015
45 3.9569361599856747 6.755447855047774 4.015
46 3.9979062441608653 6.799668789910412 4.015
47 4.038861917503548 6.844324924950105 4.015
48 4.07982434644409 6.889413765341207 4.015
49 4.120813261159301 6.934932914059716 4.015
50 4.161847066490146 6.98088005897029 4.015
51 4.202942942683992 7.027252961747753 4.015
52 4.244116937047237 7.0740494483575045 4.015
53 4.285384047461944 7.121267400863546 4.015
54 4.326758298606296 7.1689047503703955 4.015
55 4.368252811618787 7.216959470933556 4.015
56 4.409879867862095 7.265429574301359 4.015
57 4.451650967366229 7.314313105369624 4.015
58 4.493576882466946 7.363608138249891 4.015
59 4.535667707097231 7.4133127728656785 4.015
60 4.577932902141565 7.463425132005049 4.015
61 4.620381337216744 7.513943358766359 4.015
62 4.663021329206389 7.564865614344921 4.015
63 4.705860677841668 7.61619007611476 4.015
64 4.748906698590219 7.667914935965797 4.015
65 4.792166253090077 7.720038398863614 4.015
66 4.835645777339845 7.772558681601488 4.015
67 4.879351307838221 7.8254740117206065 4.015
68 4.9232885058442015 7.878782626576189 4.015
69 4.9674626799156 7.932482772530433 4.015
70 5.011878806866647 7.986572704256546 4.015
71 5.056541551273342 8.041050684138769 4.015
72 5.101455283643139 8.095914981757259 4.015
73 5.146624097354556 8.151163873445642 4.015
74 5.19205182446335 8.2067956419132 4.015
75 5.237742050462669 8.262808575922328 4.015
76 5.283698128077654 8.31920097001515 4.015
77 5.329923190167059 8.375971124282097 4.015
78 5.376420161799398 8.433117344168037 4.015
79 5.423191771563784 8.490637940310032 4.015
80 5.470240562172568 8.548531228403705 4.015
81 5.51756890040598 8.60679552909362 4.015
82 5.565178986446679 8.665429167884483 4.015
83 5.613072862647273 8.72443047507173 4.015
84 5.66125242177026 8.78379778568662 4.015
85 5.709719414737704 8.843529439456402 4.015
86 5.75847545792358 8.903623780775135 4.015
87 5.807522040020466 8.964079158685362 4.015
88 5.856860528509029 9.024893926868106 4.015
89 5.906492175756767 9.086066443640274 4.015
90 5.956418124770749 9.147595071958571 4.015
91 6.006639414626724 9.209478179428276 4.015
92 6.057156985595705 9.271714138316817 4.015
93 6.107971683987435 9.334301325570584 4.015
94 6.159084266728694 9.397238122835084 4.015
95 6.210495405693242 9.460522916477176 4.015
96 6.262205691798983 9.524154097609465 4.015
97 6.314215638886502 9.588130062115992 4.015
98 6.366525687392572 9.652449210678848 4.015
99 6.41913620783102 9.717109948805772 4.015
100 6.4720475040927745 9.782110686858065 4.015
101 6.525259816575571 9.847449840078594 4.015
102 6.578773325153442 9.913125828619926 4.015
103 6.632588151995964 9.979137077572105 4.015
104 6.686704364244886 10.045482016989961 4.015
105 6.741121976557828 10.11215908192034 4.015
106 6.795840953525212 10.179166712428055 4.015
107 6.850861211968745 10.246503353621648 4.015
108 6.906182623127504 10.314167455678097 4.015
109 6.961805014737946 10.382157473866487 4.015
110 7.017728173014363 10.45047186857122 4.015
111 7.073951844534139 10.519109105313822 4.015
112 7.130475738034007 10.588067654773893 4.015
113 7.187299526121775 10.657345992809121 4.015
114 7.244422846907736 10.726942600474043 4.015
115 7.30184530556065 10.79685596403798 4.015
116 7.35956647579176 10.867084575001693 4.015
117 7.417585901270971 10.93762693011311 4.015
118 7.475903096978524 11.008481531381836 4.015
119 7.53451755049594 11.079646886093364 4.015
120 7.5934287232380715 11.151121506820427 4.015
121 7.652636051631438 11.222903911435854 4.015
122 7.712138948239153 11.294992623121885 4.015
123 7.7719368028372 11.367386170380549 4.015
124 7.832028983443017 11.440083087041828 4.015
125 7.892414837299445 11.513081912271064 4.015
126 7.953093691816378 11.586381190576045 4.015
127 8.014064855471277 11.659979471812122 4.015
128 8.075327618672148 11.733875311187754 4.015
129 8.13688125458275 11.808067269267834 4.015
130 8.19872501991372 11.882553911977146 4.015
131 8.260858155680063 11.957333810602531 4.015
132 8.323279887927121 12.032405541794539 4.015
133 8.385989428426214 12.107767687567765 4.015
134 8.448985975341545 12.183418835301374 4.015
135 8.512268713869785 12.259357577737756 4.015
136 8.575836816853315 12.33558251298146 4.015
137 8.639689445368587 12.412092244496979 4.015
138 8.703825749290544 12.48888538110573 4.015
139 8.76824486783438 12.565960536982836 4.015
140 8.83294593007526 12.643316331652755 4.015
141 8.897928055447935 12.72095138998511 4.015
142 8.963190354225604 12.798864342188843 4.015
143 9.028731927980612 12.877053823806984 4.015
144 9.094551870026304 12.955518475709809 4.015
145 9.160649265842087 13.034256944088389 4.015
146 9.22702319348169 13.113267880447143 4.015
147 9.293672723965322 13.192549941595775 4.015
148 9.360596921656798 13.272101789641253 4.015
149 9.42779484462637 13.351922091979068 4.015
150 9.495265544998935 13.43200952128387 4.015
